,metric,pointbiserial_corr,p-value
0,background_recall,0.0916,0.0074
1,ques_recall,0.0594,0.0829
