,metric,pearson,p_pearson,spearman,p_spearman,kendall,p_kendall
0,acc,1.0,0.0,1.0,0.0,1.0,0.0004
1,background_recall,0.7994,0.031,0.8571,0.0137,0.7143,0.0302
